0 0.19140625 0.025390625 0.078125 0.05078125
0 0.22265625 0.146484375 0.0703125 0.13671875
0 0.28515625 0.376953125 0.0703125 0.12109375
0 0.81640625 0.435546875 0.109375 0.12109375
0 0.728515625 0.458984375 0.08203125 0.07421875
0 0.658203125 0.48046875 0.10546875 0.0859375
0 0.572265625 0.478515625 0.09765625 0.09765625
0 0.482421875 0.49609375 0.08984375 0.1015625
0 0.259765625 0.51953125 0.12109375 0.109375
0 0.814453125 0.65234375 0.12109375 0.0859375
0 0.677734375 0.677734375 0.13671875 0.07421875
0 0.5390625 0.69921875 0.1328125 0.0625
0 0.40234375 0.953125 0.0703125 0.0859375
0 0.95703125 0.41015625 0.0703125 0.0859375
0 0.947265625 0.62890625 0.09765625 0.0625