0 0.90625 0.2421875 0.1015625 0.109375
0 0.83203125 0.263671875 0.0859375 0.10546875
0 0.732421875 0.26953125 0.09765625 0.109375
0 0.6484375 0.287109375 0.1015625 0.11328125
0 0.43359375 0.31640625 0.0859375 0.0859375
0 0.55859375 0.3046875 0.1171875 0.109375
0 0.357421875 0.345703125 0.12109375 0.11328125
0 0.154296875 0.3828125 0.08984375 0.109375
0 0.06640625 0.392578125 0.0859375 0.09765625
0 0.02734375 0.408203125 0.0546875 0.10546875
0 0.869140625 0.466796875 0.13671875 0.07421875
0 0.701171875 0.5078125 0.13671875 0.078125
0 0.427734375 0.55078125 0.13671875 0.0859375
0 0.26953125 0.580078125 0.1328125 0.06640625
0 0.095703125 0.609375 0.12890625 0.078125
0 0.005859375 0.634765625 0.01171875 0.08203125