0 0.0625 0.267578125 0.0546875 0.12109375
0 0.130859375 0.27734375 0.06640625 0.1328125
0 0.94140625 0.283203125 0.0546875 0.12890625
0 0.869140625 0.283203125 0.06640625 0.12890625
0 0.408203125 0.3671875 0.12890625 0.0625
0 0.62109375 0.380859375 0.1328125 0.05859375
0 0.396484375 0.474609375 0.13671875 0.06640625
0 0.73828125 0.56640625 0.1171875 0.0625
0 0.888671875 0.576171875 0.12109375 0.05078125
0 0.0546875 0.833984375 0.109375 0.05859375
0 0.0546875 0.908203125 0.109375 0.05859375
0 0.056640625 0.9765625 0.10546875 0.0390625