0 0.109375 0.01953125 0.1328125 0.0390625
0 0.390625 0.052734375 0.1328125 0.10546875
0 0.10546875 0.0546875 0.1328125 0.109375
0 0.078125 0.1171875 0.1328125 0.1328125
0 0.39453125 0.1796875 0.1328125 0.1328125
0 0.873046875 0.3828125 0.12890625 0.0625
0 0.716796875 0.380859375 0.09765625 0.05859375
0 0.068359375 0.48046875 0.13671875 0.0625
0 0.40234375 0.5859375 0.140625 0.0625
0 0.251953125 0.58203125 0.11328125 0.046875
0 0.72265625 0.58984375 0.125 0.0625
0 0.0546875 0.578125 0.109375 0.046875