0 0.287109375 0.298828125 0.11328125 0.07421875
0 0.150390625 0.32421875 0.10546875 0.0703125
0 0.044921875 0.33984375 0.08984375 0.0546875
0 0.34765625 0.40234375 0.125 0.078125
0 0.392578125 0.603515625 0.12109375 0.05859375
0 0.271484375 0.529296875 0.06640625 0.12109375
0 0.07421875 0.56640625 0.046875 0.140625
0 0.142578125 0.544921875 0.05859375 0.13671875
0 0.681640625 0.5625 0.05078125 0.1171875
0 0.021484375 0.576171875 0.04296875 0.12890625
0 0.40234375 0.671875 0.1015625 0.046875
0 0.697265625 0.6953125 0.05078125 0.1015625
0 0.400390625 0.830078125 0.09765625 0.05859375
0 0.70703125 0.83203125 0.0546875 0.1328125
0 0.4140625 0.90625 0.109375 0.0390625
0 0.384765625 0.470703125 0.12109375 0.05859375
0 0.216796875 0.541015625 0.06640625 0.12109375