0 0.416015625 0.046875 0.12109375 0.0390625
0 0.71875 0.044921875 0.0546875 0.08984375
0 0.4140625 0.12109375 0.109375 0.046875
0 0.71875 0.18359375 0.0703125 0.125
0 0.26953125 0.283203125 0.0546875 0.12890625
0 0.197265625 0.283203125 0.06640625 0.12890625
0 0.0078125 0.380859375 0.015625 0.05859375
0 0.388671875 0.48046875 0.15234375 0.0625
0 0.06640625 0.56640625 0.1171875 0.0625
0 0.216796875 0.576171875 0.12109375 0.05078125
0 0.73046875 0.5859375 0.140625 0.0625
0 0.580078125 0.58203125 0.11328125 0.046875
0 0.361328125 0.578125 0.11328125 0.046875
0 0.427734375 0.18359375 0.12109375 0.0390625