0 0.005859375 0.001953125 0.01171875 0.00390625
0 0.814453125 0.509765625 0.09765625 0.12109375
0 0.880859375 0.541015625 0.08984375 0.10546875
0 0.724609375 0.619140625 0.12109375 0.10546875
0 0.765625 0.681640625 0.1015625 0.09765625
0 0.583984375 0.736328125 0.11328125 0.10546875
0 0.80078125 0.787109375 0.1015625 0.08984375
0 0.66015625 0.8046875 0.125 0.109375
0 0.453125 0.84765625 0.109375 0.1015625
0 0.501953125 0.919921875 0.11328125 0.10546875
0 0.931640625 0.337890625 0.09765625 0.12109375