0 0.76171875 0.31640625 0.0859375 0.0859375
0 0.88671875 0.3046875 0.1171875 0.109375
0 0.685546875 0.345703125 0.12109375 0.11328125
0 0.482421875 0.3828125 0.08984375 0.109375
0 0.39453125 0.392578125 0.0859375 0.09765625
0 0.32421875 0.408203125 0.1171875 0.10546875
0 0.14453125 0.435546875 0.109375 0.12109375
0 0.056640625 0.458984375 0.08203125 0.07421875
0 0.01953125 0.48046875 0.0390625 0.0859375
0 0.755859375 0.55078125 0.13671875 0.0859375
0 0.59765625 0.580078125 0.1328125 0.06640625
0 0.423828125 0.609375 0.12890625 0.078125
0 0.28125 0.634765625 0.1171875 0.08203125
0 0.142578125 0.65234375 0.12109375 0.0859375
0 0.037109375 0.677734375 0.07421875 0.07421875