0 0.904296875 0.001953125 0.06640625 0.00390625
0 0.71484375 0.015625 0.0703125 0.03125
0 0.578125 0.021484375 0.0625 0.04296875
0 0.33984375 0.033203125 0.0703125 0.06640625
0 0.23046875 0.041015625 0.0859375 0.08203125
0 0.94921875 0.240234375 0.0703125 0.13671875
0 0.865234375 0.23046875 0.06640625 0.125
0 0.724609375 0.265625 0.04296875 0.1171875
0 0.55078125 0.27734375 0.0546875 0.1328125
0 0.24609375 0.310546875 0.0625 0.12109375
0 0.86328125 0.412109375 0.0625 0.14453125
0 0.310546875 0.45703125 0.06640625 0.125
0 0.771484375 0.71484375 0.06640625 0.1171875
0 0.53515625 0.73828125 0.0703125 0.140625
0 0.302734375 0.75 0.05859375 0.1328125
0 0.45703125 0.748046875 0.0625 0.12890625
0 0.48828125 0.89453125 0.0703125 0.1328125
0 0.404296875 0.90234375 0.05859375 0.125
0 0.31640625 0.908203125 0.046875 0.12890625