0 0.83984375 0.529296875 0.1171875 0.05859375
0 0.6796875 0.560546875 0.140625 0.08203125
0 0.482421875 0.59765625 0.11328125 0.0625
0 0.33984375 0.640625 0.125 0.078125
0 0.201171875 0.662109375 0.12109375 0.07421875
0 0.060546875 0.6875 0.12109375 0.0703125
0 0.94921875 0.736328125 0.0625 0.12890625
0 0.7734375 0.7890625 0.0703125 0.140625
0 0.626953125 0.81640625 0.07421875 0.125
0 0.69921875 0.79296875 0.0625 0.1171875
0 0.54296875 0.82421875 0.0703125 0.125
0 0.47265625 0.84765625 0.0625 0.1328125
0 0.015625 0.8515625 0.03125 0.0703125
0 0.3984375 0.86328125 0.0703125 0.1328125
0 0.326171875 0.880859375 0.07421875 0.14453125
0 0.236328125 0.89453125 0.07421875 0.1328125