0 0.8203125 0.271484375 0.0625 0.13671875
0 0.458984375 0.26953125 0.05078125 0.1171875
0 0.53125 0.2578125 0.0546875 0.1328125
0 0.603515625 0.2578125 0.06640625 0.1328125
0 0.748046875 0.259765625 0.05859375 0.11328125
0 0.67578125 0.26171875 0.0625 0.1484375
0 0.03515625 0.34765625 0.0703125 0.0546875
0 0.318359375 0.353515625 0.12890625 0.05078125
0 0.060546875 0.548828125 0.10546875 0.05078125
0 0.48828125 0.55078125 0.109375 0.0546875
0 0.740234375 0.55859375 0.11328125 0.0625
0 0.31640625 0.5625 0.1015625 0.0625
0 0.771484375 0.845703125 0.12890625 0.04296875
0 0.78125 0.90625 0.1328125 0.046875