0 0.927734375 0.2890625 0.13671875 0.0859375
0 0.89453125 0.375 0.1328125 0.078125
0 0.578125 0.412109375 0.0703125 0.12890625
0 0.826171875 0.5078125 0.11328125 0.09375
0 0.8046875 0.5859375 0.109375 0.0859375
0 0.501953125 0.58984375 0.08984375 0.1171875
0 0.419921875 0.724609375 0.07421875 0.12109375
0 0.318359375 0.865234375 0.09765625 0.12890625
0 0.74609375 0.72265625 0.109375 0.0859375
0 0.70703125 0.767578125 0.1171875 0.09765625
0 0.6640625 0.82421875 0.1328125 0.1171875
0 0.57421875 0.94140625 0.1015625 0.0859375