0 0.048828125 0.044921875 0.08203125 0.08984375
0 0.232421875 0.056640625 0.08203125 0.11328125
0 0.125 0.181640625 0.09375 0.10546875
0 0.33203125 0.232421875 0.078125 0.12890625
0 0.76953125 0.287109375 0.125 0.10546875
0 0.259765625 0.43359375 0.09765625 0.125
0 0.373046875 0.58984375 0.10546875 0.1171875
0 0.583984375 0.59375 0.08203125 0.09375
0 0.68359375 0.71875 0.1328125 0.1328125
0 0.474609375 0.734375 0.10546875 0.109375
0 0.783203125 0.83984375 0.09765625 0.109375
0 0.59765625 0.87890625 0.1015625 0.1015625
0 0.908203125 0.951171875 0.10546875 0.08203125
0 0.52734375 0.466796875 0.1171875 0.07421875