0 0.89453125 0.4375 0.1328125 0.078125
0 0.623046875 0.51171875 0.13671875 0.0859375
0 0.474609375 0.54296875 0.13671875 0.078125
0 0.193359375 0.6171875 0.12109375 0.0859375
0 0.05859375 0.65625 0.1171875 0.078125
0 0.896484375 0.65234375 0.07421875 0.125
0 0.837890625 0.67578125 0.06640625 0.1484375
0 0.712890625 0.705078125 0.06640625 0.12890625
0 0.65625 0.732421875 0.0625 0.12890625
0 0.4140625 0.791015625 0.0703125 0.12890625
0 0.5859375 0.74609375 0.0625 0.1171875
0 0.48046875 0.783203125 0.0703125 0.12890625
0 0.34375 0.83203125 0.0625 0.1015625
0 0.02734375 0.841796875 0.0546875 0.05859375