0 0.626953125 0.236328125 0.12109375 0.06640625
0 0.47265625 0.2734375 0.1015625 0.0625
0 0.3125 0.322265625 0.09375 0.06640625
0 0.083984375 0.37890625 0.12109375 0.078125
0 0.8046875 0.41796875 0.09375 0.15625
0 0.724609375 0.443359375 0.08203125 0.11328125
0 0.66015625 0.451171875 0.0625 0.11328125
0 0.53515625 0.5 0.0703125 0.1171875
0 0.4140625 0.513671875 0.0703125 0.11328125
0 0.349609375 0.54296875 0.06640625 0.1171875
0 0.232421875 0.5703125 0.07421875 0.1328125
0 0.10546875 0.6171875 0.0703125 0.125
0 0.001953125 0.64453125 0.00390625 0.109375