0 0.572265625 0.0078125 0.12109375 0.015625
0 0.919921875 0.03125 0.13671875 0.0625
0 0.576171875 0.0703125 0.12890625 0.0625
0 0.57421875 0.14453125 0.1328125 0.0546875
0 0.9140625 0.185546875 0.140625 0.04296875
0 0.57421875 0.216796875 0.125 0.05859375
0 0.384765625 0.26953125 0.05078125 0.1328125
0 0.5703125 0.28515625 0.1171875 0.046875
0 0.91015625 0.31640625 0.1328125 0.046875
0 0.57421875 0.349609375 0.1328125 0.04296875
0 0.90625 0.392578125 0.125 0.05078125
0 0.37109375 0.4453125 0.0625 0.1328125
0 0.0859375 0.744140625 0.1171875 0.05859375
0 0.58203125 0.54296875 0.1328125 0.0546875
0 0.087890625 0.4765625 0.12109375 0.0625
0 0.08984375 0.5390625 0.1328125 0.0546875
0 0.576171875 0.62109375 0.13671875 0.046875
0 0.912109375 0.6875 0.12890625 0.0625
0 0.599609375 0.69921875 0.12109375 0.0625
0 0.08984375 0.607421875 0.1328125 0.05078125
0 0.916015625 0.759765625 0.12109375 0.05078125
0 0.607421875 0.8671875 0.13671875 0.0546875
0 0.615234375 0.943359375 0.11328125 0.05078125
0 0.080078125 0.03125 0.11328125 0.0625