0 0.08984375 0.05859375 0.1328125 0.0625
0 0.22265625 0.126953125 0.1328125 0.06640625
0 0.20703125 0.26171875 0.1328125 0.0625
0 0.2265625 0.33203125 0.1328125 0.0625
0 0.078125 0.390625 0.1328125 0.0625
0 0.2109375 0.4609375 0.1328125 0.0625
0 0.2109375 0.599609375 0.1484375 0.05859375
0 0.072265625 0.724609375 0.14453125 0.05859375
0 0.2265625 0.794921875 0.1484375 0.05859375
0 0.212890625 0.865234375 0.13671875 0.05078125
0 0.205078125 0.935546875 0.13671875 0.05078125
0 0.51171875 0.935546875 0.140625 0.05078125
0 0.623046875 0.607421875 0.11328125 0.05078125
0 0.634765625 0.732421875 0.13671875 0.05078125
0 0.474609375 0.599609375 0.13671875 0.05078125
0 0.638671875 0.470703125 0.16015625 0.05859375
0 0.486328125 0.54296875 0.12109375 0.046875
0 0.474609375 0.392578125 0.16015625 0.05859375
0 0.654296875 0.333984375 0.12890625 0.06640625
0 0.490234375 0.111328125 0.12890625 0.06640625
0 0.642578125 0.126953125 0.12890625 0.06640625
0 0.626953125 0.068359375 0.12890625 0.04296875
0 0.6484375 0.19921875 0.140625 0.0703125
0 0.63671875 0.265625 0.140625 0.0703125
0 0.919921875 0.41015625 0.14453125 0.0703125
0 0.904296875 0.61328125 0.12109375 0.0546875
0 0.919921875 0.734375 0.14453125 0.0703125
0 0.892578125 0.9453125 0.14453125 0.0703125
0 0.923828125 0.2734375 0.13671875 0.0625
0 0.927734375 0.19921875 0.13671875 0.0625
0 0.927734375 0.12890625 0.13671875 0.0625
0 0.923828125 0.064453125 0.14453125 0.05078125