0 0.36328125 0.771484375 0.1640625 0.08203125
0 0.353515625 0.494140625 0.12109375 0.05859375
0 0.361328125 0.353515625 0.12109375 0.05859375
0 0.361328125 0.138671875 0.12109375 0.05859375
0 0.802734375 0.130859375 0.12109375 0.05859375
0 0.787109375 0.263671875 0.15234375 0.05859375
0 0.771484375 0.392578125 0.15234375 0.05859375
0 0.80078125 0.470703125 0.125 0.05078125
0 0.806640625 0.6640625 0.17578125 0.0703125
0 0.51171875 0.91796875 0.0625 0.15625
0 0.646484375 0.939453125 0.05078125 0.11328125
0 0.974609375 0.916015625 0.04296875 0.16015625