0 0.060546875 0.921875 0.05859375 0.1328125
0 0.255859375 0.9296875 0.05859375 0.1328125
0 0.322265625 0.9375 0.05078125 0.1171875
0 0.392578125 0.9375 0.05078125 0.1171875
0 0.451171875 0.927734375 0.05859375 0.12890625
0 0.07421875 0.6796875 0.1484375 0.0703125
0 0.205078125 0.546875 0.12890625 0.0703125
0 0.208984375 0.40234375 0.12890625 0.0703125
0 0.072265625 0.263671875 0.12890625 0.05859375
0 0.0703125 0.130859375 0.140625 0.05078125
0 0.20703125 0.076171875 0.140625 0.05078125
0 0.20703125 0.197265625 0.140625 0.05078125
0 0.21875 0.275390625 0.1328125 0.05078125
0 0.484375 0.279296875 0.1328125 0.05078125
0 0.509765625 0.55078125 0.12890625 0.046875
0 0.482421875 0.6953125 0.12890625 0.0625
0 0.638671875 0.68359375 0.15234375 0.0625
0 0.65625 0.951171875 0.0546875 0.08984375
0 0.73828125 0.935546875 0.0546875 0.12109375
0 0.8125 0.92578125 0.046875 0.140625
0 0.8828125 0.9296875 0.0546875 0.1328125
0 0.921875 0.69140625 0.1484375 0.0546875
0 0.638671875 0.55078125 0.12890625 0.046875
0 0.650390625 0.484375 0.12890625 0.046875
0 0.623046875 0.41796875 0.12890625 0.046875
0 0.634765625 0.349609375 0.14453125 0.05078125
0 0.486328125 0.138671875 0.14453125 0.05078125
0 0.494140625 0.076171875 0.14453125 0.05078125
0 0.650390625 0.076171875 0.14453125 0.05078125
0 0.642578125 0.146484375 0.14453125 0.05078125
0 0.650390625 0.212890625 0.14453125 0.05078125
0 0.626953125 0.275390625 0.14453125 0.05078125
0 0.916015625 0.349609375 0.14453125 0.05078125
0 0.888671875 0.419921875 0.14453125 0.05078125
0 0.908203125 0.216796875 0.14453125 0.05078125
0 0.923828125 0.150390625 0.14453125 0.05078125
0 0.916015625 0.078125 0.14453125 0.046875