0 0.619140625 0.19140625 0.05859375 0.1484375
0 0.8046875 0.341796875 0.1015625 0.13671875
0 0.740234375 0.400390625 0.08203125 0.10546875
0 0.4453125 0.427734375 0.0703125 0.12109375
0 0.30078125 0.80859375 0.078125 0.1640625
0 0.431640625 0.82421875 0.05859375 0.1171875
0 0.56640625 0.810546875 0.0703125 0.15234375
0 0.640625 0.8046875 0.0625 0.125
0 0.71484375 0.80078125 0.0625 0.125
0 0.37890625 0.439453125 0.0703125 0.12109375
0 0.306640625 0.447265625 0.06640625 0.14453125
0 0.2421875 0.435546875 0.0703125 0.12109375
0 0.16796875 0.431640625 0.0703125 0.12109375
0 0.099609375 0.423828125 0.05078125 0.12109375
0 0.0390625 0.43359375 0.0546875 0.125