0 0.162109375 0.43359375 0.05859375 0.125
0 0.15625 0.67578125 0.0625 0.125
0 0.443359375 0.958984375 0.12109375 0.07421875
0 0.447265625 0.896484375 0.12109375 0.10546875
0 0.556640625 0.833984375 0.12890625 0.13671875
0 0.447265625 0.8203125 0.10546875 0.109375
0 0.42578125 0.716796875 0.1328125 0.12109375
0 0.5625 0.677734375 0.109375 0.11328125
0 0.416015625 0.625 0.11328125 0.09375
0 0.42578125 0.5390625 0.1328125 0.1015625
0 0.56640625 0.595703125 0.140625 0.13671875
0 0.58203125 0.435546875 0.1328125 0.11328125