0 0.533203125 0.36328125 0.10546875 0.0546875
0 0.08984375 0.3671875 0.1328125 0.0703125
0 0.44921875 0.572265625 0.1328125 0.07421875
0 0.091796875 0.2890625 0.13671875 0.0546875
0 0.087890625 0.224609375 0.13671875 0.05859375
0 0.072265625 0.146484375 0.11328125 0.05859375
0 0.07421875 0.0234375 0.1328125 0.046875
0 0.40625 0.0234375 0.1328125 0.046875
0 0.40234375 0.087890625 0.1328125 0.05078125
0 0.552734375 0.091796875 0.13671875 0.05078125
0 0.392578125 0.150390625 0.13671875 0.05078125
0 0.560546875 0.154296875 0.13671875 0.05078125
0 0.388671875 0.216796875 0.13671875 0.05078125
0 0.537109375 0.216796875 0.13671875 0.05078125
0 0.400390625 0.2890625 0.13671875 0.0703125
0 0.560546875 0.294921875 0.12890625 0.05078125
0 0.87109375 0.1640625 0.1484375 0.0546875
0 0.86328125 0.10546875 0.1484375 0.0546875
0 0.861328125 0.0234375 0.13671875 0.046875
0 0.869140625 0.298828125 0.11328125 0.05078125
0 0.869140625 0.373046875 0.11328125 0.05078125