0 0.0703125 0.025390625 0.140625 0.05078125
0 0.53125 0.07421875 0.15625 0.078125
0 0.544921875 0.2109375 0.14453125 0.0703125
0 0.400390625 0.265625 0.08984375 0.140625
0 0.078125 0.306640625 0.15625 0.07421875
0 0.078125 0.390625 0.15625 0.0703125
0 0.533203125 0.509765625 0.15234375 0.06640625
0 0.546875 0.658203125 0.140625 0.05078125
0 0.12890625 0.931640625 0.0703125 0.12890625
0 0.1953125 0.931640625 0.0703125 0.12890625
0 0.26171875 0.931640625 0.0703125 0.12890625
0 0.328125 0.9296875 0.0625 0.1328125
0 0.3984375 0.9296875 0.0625 0.1328125
0 0.4609375 0.9296875 0.0625 0.1328125