0 0.06640625 0.19921875 0.1328125 0.078125
0 0.435546875 0.1640625 0.13671875 0.078125
0 0.06640625 0.31640625 0.1328125 0.078125
0 0.06640625 0.3984375 0.1328125 0.078125
0 0.072265625 0.4765625 0.13671875 0.078125
0 0.068359375 0.54296875 0.13671875 0.078125
0 0.068359375 0.6171875 0.13671875 0.078125
0 0.431640625 0.4453125 0.13671875 0.078125
0 0.423828125 0.3671875 0.13671875 0.078125
0 0.423828125 0.296875 0.13671875 0.078125
0 0.578125 0.666015625 0.1171875 0.05859375
0 0.59765625 0.728515625 0.1328125 0.05859375
0 0.59375 0.802734375 0.1328125 0.05859375
0 0.58203125 0.873046875 0.1328125 0.05859375
0 0.9296875 0.591796875 0.1328125 0.05859375
0 0.9296875 0.376953125 0.1328125 0.05859375
0 0.9296875 0.162109375 0.1328125 0.05859375
0 0.9296875 0.873046875 0.1328125 0.05859375