0 0.103515625 0.03125 0.12109375 0.0625
0 0.1015625 0.388671875 0.1328125 0.06640625
0 0.11328125 0.458984375 0.109375 0.05859375
0 0.109375 0.525390625 0.109375 0.05859375
0 0.11328125 0.58984375 0.1484375 0.0703125
0 0.109375 0.6640625 0.1484375 0.0703125
0 0.11328125 0.73046875 0.1484375 0.0703125
0 0.4453125 0.85546875 0.1484375 0.0703125
0 0.45703125 0.921875 0.1484375 0.0703125
0 0.6171875 0.8515625 0.1484375 0.0703125
0 0.63671875 0.203125 0.1484375 0.0703125
0 0.94921875 0.158203125 0.09375 0.06640625
0 0.94921875 0.455078125 0.09375 0.06640625
0 0.94921875 0.521484375 0.09375 0.06640625
0 0.94921875 0.599609375 0.09375 0.06640625
0 0.94921875 0.736328125 0.09375 0.06640625
0 0.94921875 0.802734375 0.09375 0.06640625
0 0.94921875 0.9453125 0.09375 0.0703125