0 0.138671875 0.103515625 0.12890625 0.06640625
0 0.490234375 0.525390625 0.12109375 0.05859375
0 0.474609375 0.369140625 0.12109375 0.05859375
0 0.638671875 0.533203125 0.12109375 0.05859375
0 0.630859375 0.462890625 0.12109375 0.05859375
0 0.650390625 0.384765625 0.15234375 0.06640625
0 0.658203125 0.318359375 0.12109375 0.05859375
0 0.638671875 0.244140625 0.12109375 0.05859375
0 0.6640625 0.162109375 0.15625 0.06640625
0 0.486328125 0.298828125 0.12109375 0.05859375
0 0.478515625 0.22265625 0.12109375 0.0625
0 0.46875 0.158203125 0.1171875 0.05078125
0 0.49609375 0.0859375 0.1171875 0.0546875
0 0.650390625 0.0234375 0.16015625 0.046875
0 0.470703125 0.025390625 0.14453125 0.05078125