0 0.109375 0.587890625 0.109375 0.12109375
0 0.1640625 0.552734375 0.109375 0.12109375
0 0.22265625 0.509765625 0.109375 0.12109375
0 0.2734375 0.466796875 0.109375 0.12109375
0 0.32421875 0.427734375 0.109375 0.12109375
0 0.369140625 0.384765625 0.10546875 0.10546875
0 0.431640625 0.353515625 0.10546875 0.10546875
0 0.490234375 0.302734375 0.10546875 0.10546875
0 0.193359375 0.701171875 0.10546875 0.10546875
0 0.244140625 0.673828125 0.10546875 0.10546875
0 0.306640625 0.630859375 0.10546875 0.10546875
0 0.361328125 0.587890625 0.10546875 0.10546875
0 0.416015625 0.548828125 0.10546875 0.10546875
0 0.466796875 0.505859375 0.10546875 0.10546875
0 0.521484375 0.4609375 0.10546875 0.109375
0 0.583984375 0.42578125 0.10546875 0.109375
0 0.634765625 0.390625 0.10546875 0.109375
0 0.310546875 0.84375 0.10546875 0.109375
0 0.353515625 0.796875 0.10546875 0.109375
0 0.408203125 0.76953125 0.10546875 0.109375
0 0.462890625 0.73046875 0.10546875 0.109375
0 0.509765625 0.6875 0.10546875 0.109375
0 0.568359375 0.6484375 0.10546875 0.109375
0 0.623046875 0.61328125 0.10546875 0.109375
0 0.673828125 0.5703125 0.10546875 0.109375
0 0.748046875 0.53515625 0.10546875 0.109375
0 0.392578125 0.95703125 0.09765625 0.078125
0 0.44921875 0.931640625 0.0859375 0.10546875
0 0.505859375 0.89453125 0.08984375 0.109375
0 0.552734375 0.8671875 0.08984375 0.109375
0 0.611328125 0.82421875 0.08984375 0.109375
0 0.658203125 0.79296875 0.08984375 0.109375
0 0.708984375 0.75390625 0.08984375 0.109375
0 0.775390625 0.71875 0.08984375 0.109375
0 0.826171875 0.6875 0.08984375 0.109375