0 0.27734375 0.052734375 0.0703125 0.08984375
0 0.8359375 0.134765625 0.0703125 0.08984375
0 0.72265625 0.291015625 0.09375 0.11328125
0 0.73828125 0.404296875 0.09375 0.11328125
0 0.8203125 0.380859375 0.09375 0.11328125
0 0.76171875 0.587890625 0.09375 0.11328125
0 0.80859375 0.544921875 0.09375 0.11328125
0 0.8671875 0.525390625 0.09375 0.11328125
0 0.89453125 0.490234375 0.09375 0.11328125
0 0.9453125 0.634765625 0.09375 0.11328125
0 0.95703125 0.802734375 0.078125 0.10546875
0 0.974609375 0.744140625 0.04296875 0.10546875
0 0.943359375 0.28125 0.10546875 0.1328125
0 0.90234375 0.103515625 0.09375 0.09765625
0 0.94921875 0.072265625 0.09375 0.13671875
0 0.64453125 0.216796875 0.0703125 0.13671875
0 0.40234375 0.25 0.1328125 0.078125
0 0.408203125 0.328125 0.12890625 0.0625
0 0.400390625 0.40625 0.13671875 0.0703125
0 0.248046875 0.55078125 0.13671875 0.0703125
0 0.396484375 0.546875 0.12890625 0.0625
0 0.244140625 0.62890625 0.12890625 0.0625
0 0.396484375 0.60546875 0.12890625 0.0625
0 0.271484375 0.703125 0.12890625 0.0625
0 0.248046875 0.76171875 0.12890625 0.0625
0 0.244140625 0.8203125 0.12890625 0.0625
0 0.396484375 0.8046875 0.12890625 0.0625
0 0.400390625 0.734375 0.12890625 0.0625
0 0.396484375 0.66796875 0.13671875 0.0546875
0 0.51953125 0.884765625 0.078125 0.12890625