0 0.783203125 0.083984375 0.07421875 0.12890625
0 0.685546875 0.076171875 0.07421875 0.12890625
0 0.0546875 0.353515625 0.109375 0.06640625
0 0.525390625 0.74609375 0.12890625 0.0625
0 0.791015625 0.755859375 0.12890625 0.05078125
0 0.662109375 0.681640625 0.12890625 0.05078125
0 0.666015625 0.611328125 0.12890625 0.05078125
0 0.66796875 0.486328125 0.1484375 0.06640625
0 0.666015625 0.552734375 0.14453125 0.04296875
0 0.671875 0.224609375 0.1484375 0.06640625
0 0.673828125 0.29296875 0.12109375 0.0703125
0 0.6796875 0.361328125 0.125 0.05078125
0 0.81640625 0.34765625 0.109375 0.0546875
0 0.68359375 0.427734375 0.125 0.05078125
0 0.814453125 0.408203125 0.11328125 0.05078125
0 0.818359375 0.466796875 0.11328125 0.05078125
0 0.81640625 0.548828125 0.1328125 0.05859375
0 0.80859375 0.611328125 0.1328125 0.05859375
0 0.80078125 0.689453125 0.1328125 0.05859375