0 0.76171875 0.00390625 0.1328125 0.0078125
0 0.0546875 0.0078125 0.109375 0.015625
0 0.38671875 0.0078125 0.1328125 0.015625
0 0.68359375 0.021484375 0.1328125 0.04296875
0 0.3359375 0.025390625 0.1328125 0.05078125
0 0.640625 0.046875 0.1328125 0.09375
0 0.265625 0.048828125 0.1328125 0.09765625
0 0.5703125 0.06640625 0.1328125 0.1328125
0 0.20703125 0.078125 0.1328125 0.1328125
0 0.859375 0.0859375 0.1328125 0.1328125
0 0.50390625 0.109375 0.1328125 0.1328125
0 0.13671875 0.125 0.1328125 0.1328125
0 0.80859375 0.125 0.1328125 0.1328125
0 0.4453125 0.16015625 0.1328125 0.1328125
0 0.7421875 0.171875 0.1328125 0.1328125
0 0.37890625 0.203125 0.1328125 0.1328125
0 0.68359375 0.21484375 0.1328125 0.1328125
0 0.32421875 0.23828125 0.1328125 0.1328125
0 0.62890625 0.265625 0.1328125 0.1328125
0 0.2578125 0.27734375 0.1328125 0.1328125
0 0.5625 0.296875 0.1328125 0.1328125
0 0.51171875 0.34375 0.1328125 0.1328125
0 0.8671875 0.36328125 0.1328125 0.1328125
0 0.44140625 0.3828125 0.1328125 0.1328125
0 0.80859375 0.39453125 0.1328125 0.1328125
0 0.005859375 0.40234375 0.01171875 0.1328125
0 0.75390625 0.43359375 0.1328125 0.1328125
0 0.390625 0.44140625 0.1328125 0.1328125
0 0.6796875 0.47265625 0.1328125 0.1328125
0 0.1015625 0.5 0.1328125 0.1328125
0 0.62890625 0.51953125 0.1328125 0.1328125
0 0.05078125 0.54296875 0.1015625 0.1328125
0 0.5546875 0.546875 0.1328125 0.1328125
0 0.875 0.57421875 0.1328125 0.1328125
0 0.015625 0.58203125 0.03125 0.1328125
0 0.48828125 0.6015625 0.1328125 0.1328125
0 0.83203125 0.61328125 0.1328125 0.1328125
0 0.7734375 0.64453125 0.1328125 0.1328125
0 0.17578125 0.66796875 0.1328125 0.1328125
0 0.72265625 0.6875 0.1328125 0.1328125
0 0.109375 0.69921875 0.1328125 0.1328125
0 0.88671875 0.71875 0.1328125 0.1328125
0 0.65625 0.7265625 0.1328125 0.1328125
0 0.056640625 0.73046875 0.11328125 0.1328125
0 0.83203125 0.7578125 0.1328125 0.1328125
0 0.0234375 0.76171875 0.046875 0.1328125
0 0.6015625 0.7734375 0.1328125 0.1328125
0 0.7734375 0.796875 0.1328125 0.1328125
0 0.72265625 0.8359375 0.1328125 0.1328125
0 0.203125 0.8515625 0.1328125 0.1328125
0 0.1328125 0.85546875 0.1328125 0.1328125
0 0.6640625 0.875 0.1328125 0.1328125