0 0.177734375 0.859375 0.10546875 0.1171875
0 0.205078125 0.80859375 0.10546875 0.1171875
0 0.333984375 0.79296875 0.10546875 0.1171875
0 0.384765625 0.7578125 0.10546875 0.1171875
0 0.439453125 0.7265625 0.10546875 0.1171875
0 0.4921875 0.69921875 0.109375 0.1171875
0 0.556640625 0.66015625 0.10546875 0.1171875
0 0.60546875 0.630859375 0.09375 0.10546875
0 0.66015625 0.587890625 0.09375 0.10546875
0 0.71484375 0.541015625 0.09375 0.10546875
0 0.765625 0.517578125 0.09375 0.10546875
0 0.828125 0.490234375 0.09375 0.10546875
0 0.8828125 0.435546875 0.09375 0.10546875
0 0.9296875 0.388671875 0.09375 0.10546875
0 0.5703125 0.841796875 0.09375 0.10546875
0 0.62109375 0.791015625 0.078125 0.09765625
0 0.67578125 0.767578125 0.09375 0.10546875
0 0.74609375 0.728515625 0.09375 0.10546875
0 0.80078125 0.693359375 0.09375 0.10546875
0 0.857421875 0.654296875 0.08984375 0.12109375
0 0.916015625 0.623046875 0.08984375 0.12109375
0 0.94921875 0.587890625 0.09375 0.12109375
0 0.75 0.896484375 0.09375 0.12109375
0 0.8125 0.861328125 0.09375 0.12109375
0 0.875 0.837890625 0.09375 0.12109375
0 0.92578125 0.791015625 0.09375 0.12109375
0 0.251953125 0.68359375 0.10546875 0.1171875
0 0.298828125 0.6484375 0.10546875 0.1171875
0 0.353515625 0.6171875 0.10546875 0.1171875
0 0.404296875 0.58203125 0.10546875 0.1171875
0 0.462890625 0.5390625 0.10546875 0.1171875
0 0.50390625 0.5078125 0.109375 0.1171875
0 0.560546875 0.46875 0.10546875 0.1171875
0 0.607421875 0.42578125 0.10546875 0.1171875
0 0.673828125 0.390625 0.10546875 0.1171875
0 0.724609375 0.35546875 0.10546875 0.1171875
0 0.775390625 0.31640625 0.10546875 0.1171875
0 0.830078125 0.28125 0.10546875 0.1171875
0 0.896484375 0.2421875 0.11328125 0.1328125
0 0.126953125 0.548828125 0.11328125 0.12890625
0 0.181640625 0.505859375 0.11328125 0.12890625
0 0.240234375 0.478515625 0.11328125 0.12890625
0 0.287109375 0.439453125 0.11328125 0.12890625
0 0.33984375 0.400390625 0.1015625 0.10546875
0 0.390625 0.369140625 0.1015625 0.10546875
0 0.44140625 0.32421875 0.09375 0.09375
0 0.50390625 0.28515625 0.09375 0.09375
0 0.55078125 0.2421875 0.09375 0.09375
0 0.61328125 0.20703125 0.109375 0.109375
0 0.66796875 0.17578125 0.109375 0.109375
0 0.7265625 0.1328125 0.109375 0.109375
0 0.0546875 0.421875 0.109375 0.109375
0 0.109375 0.37890625 0.109375 0.109375
0 0.15234375 0.3515625 0.109375 0.109375
0 0.19921875 0.3125 0.109375 0.109375
0 0.25390625 0.26953125 0.109375 0.109375
0 0.3046875 0.25 0.109375 0.109375
0 0.36328125 0.201171875 0.109375 0.11328125
0 0.4140625 0.166015625 0.109375 0.11328125
0 0.46484375 0.134765625 0.109375 0.11328125
0 0.5234375 0.091796875 0.109375 0.11328125
0 0.5859375 0.052734375 0.109375 0.10546875
0 0.041015625 0.201171875 0.08203125 0.10546875
0 0.087890625 0.154296875 0.08203125 0.10546875
0 0.15234375 0.123046875 0.09375 0.12109375
0 0.201171875 0.083984375 0.11328125 0.12890625