0 0.373046875 0.5078125 0.06640625 0.140625
0 0.431640625 0.5 0.06640625 0.140625
0 0.126953125 0.69140625 0.06640625 0.140625
0 0.177734375 0.68359375 0.06640625 0.140625
0 0.228515625 0.67578125 0.06640625 0.140625
0 0.291015625 0.66796875 0.06640625 0.140625
0 0.341796875 0.6640625 0.06640625 0.140625
0 0.404296875 0.65234375 0.06640625 0.140625
0 0.369140625 0.8125 0.06640625 0.140625
0 0.310546875 0.8046875 0.06640625 0.140625
0 0.251953125 0.8125 0.06640625 0.140625
0 0.189453125 0.8125 0.06640625 0.140625
0 0.126953125 0.82421875 0.06640625 0.140625
0 0.056640625 0.8203125 0.06640625 0.140625
0 0.029296875 0.9453125 0.05859375 0.1015625
0 0.0859375 0.9453125 0.0625 0.1015625
0 0.12890625 0.947265625 0.0546875 0.09765625
0 0.1796875 0.947265625 0.0546875 0.09765625
0 0.234375 0.947265625 0.0546875 0.09765625
0 0.30859375 0.947265625 0.0546875 0.09765625
0 0.359375 0.947265625 0.0546875 0.09765625
0 0.416015625 0.943359375 0.05859375 0.10546875
0 0.716796875 0.478515625 0.06640625 0.12890625
0 0.826171875 0.580078125 0.06640625 0.12890625
0 0.931640625 0.224609375 0.08984375 0.12890625
0 0.865234375 0.232421875 0.08984375 0.12890625
0 0.779296875 0.443359375 0.08984375 0.12890625
0 0.8359375 0.421875 0.0859375 0.109375
0 0.89453125 0.40625 0.0859375 0.109375
0 0.9375 0.359375 0.0859375 0.109375
0 0.8828125 0.55078125 0.0859375 0.109375
0 0.93359375 0.515625 0.0859375 0.109375
0 0.953125 0.66015625 0.0859375 0.109375
0 0.8984375 0.80859375 0.078125 0.125
0 0.9453125 0.80078125 0.0703125 0.109375