0 0.865234375 0.47265625 0.10546875 0.125
0 0.943359375 0.6484375 0.10546875 0.125
0 0.783203125 0.3359375 0.10546875 0.125
0 0.529296875 0.08984375 0.10546875 0.125
0 0.681640625 0.1875 0.10546875 0.125
0 0.75 0.150390625 0.0859375 0.11328125
0 0.8046875 0.115234375 0.0859375 0.11328125
0 0.859375 0.076171875 0.0859375 0.11328125
0 0.828125 0.29296875 0.0859375 0.109375
0 0.890625 0.2578125 0.0859375 0.109375
0 0.9453125 0.216796875 0.0859375 0.11328125
0 0.9296875 0.44140625 0.0859375 0.109375
0 0.970703125 0.400390625 0.05078125 0.10546875