0 0.208984375 0.294921875 0.07421875 0.13671875
0 0.138671875 0.431640625 0.07421875 0.13671875
0 0.205078125 0.439453125 0.07421875 0.13671875
0 0.302734375 0.453125 0.05859375 0.140625
0 0.353515625 0.47265625 0.05859375 0.140625
0 0.400390625 0.4765625 0.05859375 0.140625
0 0.458984375 0.47265625 0.05859375 0.140625
0 0.580078125 0.42578125 0.04296875 0.1328125
0 0.630859375 0.4453125 0.04296875 0.1328125
0 0.681640625 0.4375 0.04296875 0.1328125
0 0.4765625 0.228515625 0.0703125 0.12890625
0 0.544921875 0.232421875 0.07421875 0.15234375
0 0.623046875 0.232421875 0.07421875 0.15234375