0 0.208984375 0.060546875 0.12890625 0.05859375
0 0.208984375 0.12109375 0.12890625 0.0625
0 0.216796875 0.212890625 0.17578125 0.06640625
0 0.201171875 0.279296875 0.12890625 0.05859375
0 0.203125 0.3515625 0.140625 0.0625
0 0.19921875 0.421875 0.140625 0.0625
0 0.203125 0.4921875 0.140625 0.0625
0 0.19140625 0.5625 0.140625 0.0625
0 0.203125 0.6328125 0.1640625 0.0703125
0 0.1953125 0.69921875 0.1328125 0.0703125
0 0.1953125 0.765625 0.1328125 0.0703125
0 0.21484375 0.84375 0.1328125 0.0703125
0 0.1875 0.95703125 0.1328125 0.0703125
0 0.564453125 0.064453125 0.12890625 0.05859375
0 0.568359375 0.146484375 0.12890625 0.05859375
0 0.712890625 0.146484375 0.12890625 0.05859375
0 0.560546875 0.216796875 0.12890625 0.05859375
0 0.541015625 0.291015625 0.12890625 0.05859375
0 0.705078125 0.291015625 0.12890625 0.05859375
0 0.537109375 0.431640625 0.12890625 0.05859375
0 0.705078125 0.431640625 0.12890625 0.05859375
0 0.548828125 0.505859375 0.12890625 0.05859375
0 0.708984375 0.5703125 0.15234375 0.0625
0 0.546875 0.568359375 0.125 0.06640625
0 0.546875 0.630859375 0.125 0.06640625
0 0.6953125 0.638671875 0.125 0.06640625
0 0.69921875 0.716796875 0.125 0.06640625
0 0.556640625 0.78515625 0.14453125 0.0625
0 0.705078125 0.84765625 0.14453125 0.0625
0 0.689453125 0.92578125 0.14453125 0.0625
0 0.552734375 0.97265625 0.16015625 0.046875