0 0.3515625 0.041015625 0.078125 0.08203125
0 0.62109375 0.046875 0.171875 0.046875
0 0.84375 0.87109375 0.0625 0.1171875
0 0.6015625 0.880859375 0.0625 0.16796875
0 0.6171875 0.689453125 0.0625 0.16796875
0 0.69140625 0.69921875 0.0546875 0.1015625
0 0.76953125 0.7265625 0.0546875 0.1484375
0 0.84765625 0.697265625 0.0703125 0.13671875
0 0.919921875 0.72265625 0.05078125 0.125
0 0.220703125 0.814453125 0.11328125 0.15234375
0 0.142578125 0.791015625 0.11328125 0.15234375
0 0.0546875 0.783203125 0.109375 0.15234375
0 0.052734375 0.46484375 0.07421875 0.125
0 0.115234375 0.46875 0.07421875 0.125
0 0.18359375 0.470703125 0.1015625 0.15234375
0 0.26953125 0.474609375 0.1015625 0.15234375
0 0.048828125 0.310546875 0.09765625 0.15234375
0 0.12890625 0.306640625 0.1015625 0.15234375
0 0.21484375 0.310546875 0.1015625 0.15234375
0 0.20703125 0.302734375 0.1015625 0.15234375
0 0.248046875 0.0390625 0.06640625 0.078125
0 0.177734375 0.0390625 0.06640625 0.078125
0 0.11328125 0.029296875 0.046875 0.05859375
0 0.16796875 0.966796875 0.1328125 0.05859375