0 0.3515625 0.328125 0.0625 0.1484375
0 0.421875 0.33203125 0.046875 0.125
0 0.640625 0.353515625 0.0546875 0.15234375
0 0.56640625 0.333984375 0.0546875 0.15234375
0 0.783203125 0.341796875 0.05859375 0.13671875
0 0.857421875 0.333984375 0.05859375 0.13671875
0 0.33203125 0.908203125 0.0703125 0.14453125
0 0.412109375 0.544921875 0.05859375 0.13671875
0 0.41796875 0.908203125 0.0703125 0.14453125
0 0.5625 0.912109375 0.0703125 0.14453125
0 0.83984375 0.912109375 0.0703125 0.14453125
0 0.48828125 0.546875 0.0625 0.1171875
0 0.56640625 0.5546875 0.0625 0.1171875
0 0.63671875 0.55078125 0.0625 0.1171875
0 0.78515625 0.56640625 0.0625 0.1171875
0 0.92578125 0.55859375 0.0625 0.1171875
0 0.978515625 0.34375 0.03515625 0.171875