0 0.201171875 0.126953125 0.11328125 0.05078125
0 0.19921875 0.205078125 0.125 0.05859375
0 0.19140625 0.271484375 0.125 0.05859375
0 0.19140625 0.349609375 0.125 0.05859375
0 0.20703125 0.423828125 0.125 0.05859375
0 0.201171875 0.5625 0.16015625 0.0625
0 0.1796875 0.474609375 0.125 0.05859375
0 0.197265625 0.62890625 0.16015625 0.0625
0 0.189453125 0.703125 0.14453125 0.0625
0 0.173828125 0.77734375 0.14453125 0.0625
0 0.052734375 0.798828125 0.10546875 0.07421875
0 0.041015625 0.669921875 0.08203125 0.06640625
0 0.51953125 0.326171875 0.0625 0.14453125
0 0.51171875 0.486328125 0.0625 0.14453125
0 0.51171875 0.775390625 0.0625 0.14453125
0 0.57421875 0.775390625 0.0625 0.14453125
0 0.64453125 0.779296875 0.0625 0.14453125
0 0.72265625 0.810546875 0.0625 0.14453125
0 0.79296875 0.787109375 0.0625 0.14453125
0 0.86328125 0.794921875 0.0625 0.14453125
0 0.94140625 0.798828125 0.0625 0.14453125
0 0.875 0.486328125 0.0625 0.14453125
0 0.80078125 0.482421875 0.0625 0.14453125
0 0.7265625 0.478515625 0.0625 0.14453125
0 0.66015625 0.482421875 0.0625 0.14453125
0 0.58984375 0.482421875 0.0625 0.14453125
0 0.58984375 0.322265625 0.0625 0.14453125
0 0.66015625 0.326171875 0.0625 0.14453125
0 0.73046875 0.326171875 0.0625 0.14453125
0 0.798828125 0.326171875 0.06640625 0.14453125
0 0.876953125 0.330078125 0.06640625 0.14453125