0 0.08984375 0.08984375 0.1328125 0.0625
0 0.2734375 0.0546875 0.1328125 0.0625
0 0.09375 0.16015625 0.1328125 0.0625
0 0.25390625 0.14453125 0.1328125 0.0625
0 0.25 0.22265625 0.1328125 0.0625
0 0.25 0.31640625 0.1328125 0.0625
0 0.23046875 0.3828125 0.1328125 0.0625
0 0.23828125 0.45703125 0.1328125 0.0625
0 0.23828125 0.53515625 0.1328125 0.0625
0 0.234375 0.609375 0.1328125 0.0625
0 0.234375 0.7109375 0.1328125 0.0625
0 0.09375 0.86328125 0.1328125 0.0625
0 0.09765625 0.94140625 0.1328125 0.0625
0 0.0859375 0.796875 0.1328125 0.0625
0 0.08984375 0.71484375 0.1328125 0.0625
0 0.0703125 0.64453125 0.1328125 0.0625
0 0.08203125 0.578125 0.1328125 0.0625
0 0.08984375 0.51171875 0.1328125 0.0625
0 0.08984375 0.43359375 0.1328125 0.0625
0 0.078125 0.359375 0.1328125 0.0625
0 0.08984375 0.296875 0.1328125 0.0625
0 0.08984375 0.2265625 0.1328125 0.0625
0 0.92578125 0.33203125 0.1328125 0.0625
0 0.9296875 0.1953125 0.1328125 0.0625
0 0.9296875 0.1171875 0.1328125 0.0625
0 0.92578125 0.0390625 0.1328125 0.0625
0 0.58984375 0.01171875 0.140625 0.0234375