0 0.033203125 0.193359375 0.06640625 0.12890625
0 0.1015625 0.193359375 0.0703125 0.12890625
0 0.234375 0.185546875 0.0625 0.14453125
0 0.16015625 0.18359375 0.0703125 0.1328125
0 0.30859375 0.185546875 0.0625 0.14453125
0 0.38671875 0.189453125 0.0625 0.14453125
0 0.45703125 0.189453125 0.0625 0.14453125
0 0.52734375 0.189453125 0.0625 0.14453125
0 0.60546875 0.189453125 0.0625 0.14453125
0 0.671875 0.193359375 0.0625 0.14453125
0 0.73828125 0.185546875 0.0625 0.14453125
0 0.029296875 0.337890625 0.05859375 0.14453125
0 0.095703125 0.330078125 0.05859375 0.14453125
0 0.169921875 0.333984375 0.05859375 0.14453125
0 0.236328125 0.330078125 0.05859375 0.14453125
0 0.310546875 0.337890625 0.05859375 0.14453125
0 0.384765625 0.341796875 0.05859375 0.14453125
0 0.455078125 0.345703125 0.05859375 0.14453125
0 0.51953125 0.345703125 0.0625 0.14453125
0 0.603515625 0.349609375 0.05859375 0.14453125
0 0.662109375 0.337890625 0.05859375 0.14453125
0 0.73828125 0.337890625 0.0625 0.14453125
0 0.02734375 0.689453125 0.0546875 0.09765625
0 0.09375 0.693359375 0.0625 0.14453125
0 0.08984375 0.833984375 0.0625 0.14453125
0 0.1640625 0.837890625 0.0625 0.14453125
0 0.1640625 0.677734375 0.0625 0.14453125
0 0.2421875 0.681640625 0.0625 0.14453125
0 0.23828125 0.849609375 0.0625 0.14453125
0 0.3046875 0.833984375 0.0625 0.14453125
0 0.30859375 0.689453125 0.0625 0.14453125
0 0.3828125 0.845703125 0.0625 0.14453125
0 0.375 0.685546875 0.0625 0.14453125
0 0.44921875 0.685546875 0.0625 0.14453125
0 0.4453125 0.849609375 0.0625 0.14453125
0 0.515625 0.853515625 0.0625 0.14453125
0 0.5234375 0.705078125 0.0625 0.14453125
0 0.59765625 0.701171875 0.0625 0.14453125
0 0.58984375 0.865234375 0.0625 0.14453125
0 0.6640625 0.857421875 0.0625 0.14453125
0 0.66015625 0.685546875 0.0625 0.14453125
0 0.7421875 0.693359375 0.0625 0.14453125
0 0.7421875 0.853515625 0.0625 0.14453125
0 0.02734375 0.826171875 0.0546875 0.09765625