0 0.2109375 0.18359375 0.0625 0.15625
0 0.583984375 0.314453125 0.12109375 0.06640625
0 0.591796875 0.44921875 0.15234375 0.0625
0 0.34765625 0.716796875 0.125 0.07421875
0 0.09765625 0.873046875 0.125 0.06640625
0 0.572265625 0.5703125 0.11328125 0.0703125
0 0.576171875 0.71484375 0.11328125 0.0703125
0 0.580078125 0.7890625 0.11328125 0.0703125
0 0.58984375 0.85546875 0.1328125 0.0546875
0 0.927734375 0.73828125 0.13671875 0.0546875
0 0.923828125 0.6640625 0.13671875 0.0546875
0 0.927734375 0.609375 0.13671875 0.0546875
0 0.94921875 0.541015625 0.09375 0.05859375
0 0.927734375 0.3359375 0.13671875 0.0546875