0 0.25390625 0.080078125 0.140625 0.06640625
0 0.3984375 0.0703125 0.140625 0.0703125
0 0.734375 0.06640625 0.140625 0.0703125
0 0.72265625 0.1328125 0.140625 0.0703125
0 0.71875 0.20703125 0.140625 0.0703125
0 0.7109375 0.28125 0.140625 0.0703125
0 0.7109375 0.3515625 0.140625 0.0703125
0 0.7265625 0.4921875 0.140625 0.0703125
0 0.73046875 0.57421875 0.140625 0.0703125
0 0.2421875 0.50390625 0.140625 0.0703125
0 0.40234375 0.49609375 0.140625 0.0703125
0 0.234375 0.421875 0.140625 0.0703125
0 0.3984375 0.41796875 0.140625 0.0703125
0 0.390625 0.3515625 0.140625 0.0703125
0 0.25 0.2890625 0.140625 0.0703125
0 0.390625 0.28515625 0.140625 0.0703125
0 0.23046875 0.21875 0.140625 0.0703125
0 0.375 0.21484375 0.140625 0.0703125
0 0.40234375 0.12890625 0.140625 0.0703125
0 0.2421875 0.14453125 0.140625 0.0703125