0 0.09765625 0.435546875 0.1328125 0.06640625
0 0.3125 0.451171875 0.1328125 0.06640625
0 0.3046875 0.529296875 0.1328125 0.06640625
0 0.296875 0.603515625 0.1328125 0.06640625
0 0.296875 0.658203125 0.1328125 0.06640625
0 0.30078125 0.736328125 0.1328125 0.06640625
0 0.30078125 0.814453125 0.1328125 0.06640625
0 0.30859375 0.884765625 0.1328125 0.06640625
0 0.3125 0.955078125 0.1328125 0.06640625
0 0.66015625 0.962890625 0.1328125 0.06640625
0 0.66015625 0.873046875 0.1328125 0.06640625
0 0.66796875 0.666015625 0.1328125 0.06640625
0 0.6796875 0.595703125 0.1328125 0.06640625
0 0.66796875 0.529296875 0.1328125 0.06640625
0 0.66796875 0.466796875 0.1328125 0.06640625
0 0.67578125 0.380859375 0.1328125 0.06640625
0 0.67578125 0.248046875 0.1328125 0.06640625
0 0.67578125 0.134765625 0.1328125 0.06640625
0 0.31640625 0.123046875 0.1328125 0.06640625
0 0.3203125 0.240234375 0.1328125 0.06640625
0 0.3125 0.337890625 0.1328125 0.06640625
0 0.08203125 0.353515625 0.1328125 0.06640625
0 0.1015625 0.291015625 0.1328125 0.06640625
0 0.09375 0.205078125 0.1328125 0.06640625
0 0.0859375 0.134765625 0.1328125 0.06640625
0 0.08984375 0.060546875 0.1328125 0.06640625