0 0.09375 0.654296875 0.15625 0.07421875
0 0.50390625 0.669921875 0.15625 0.07421875
0 0.2734375 0.876953125 0.15625 0.07421875
0 0.453125 0.869140625 0.15625 0.07421875
0 0.62109375 0.873046875 0.15625 0.07421875
0 0.78515625 0.873046875 0.15625 0.07421875
0 0.94140625 0.875 0.109375 0.0703125
0 0.94140625 0.765625 0.109375 0.0703125
0 0.029296875 0.3984375 0.05859375 0.078125
0 0.189453125 0.376953125 0.08984375 0.11328125
0 0.412109375 0.404296875 0.08984375 0.11328125
0 0.505859375 0.388671875 0.08984375 0.11328125
0 0.607421875 0.392578125 0.08984375 0.11328125
0 0.712890625 0.380859375 0.08984375 0.11328125
0 0.806640625 0.388671875 0.08984375 0.11328125
0 0.9140625 0.4140625 0.1171875 0.140625