0 0.103515625 0.353515625 0.12109375 0.11328125
0 0.318359375 0.375 0.12109375 0.109375
0 0.34375 0.556640625 0.171875 0.07421875
0 0.484375 0.658203125 0.140625 0.05859375
0 0.259765625 0.650390625 0.13671875 0.07421875
0 0.529296875 0.75 0.11328125 0.0625
0 0.693359375 0.5625 0.11328125 0.0625
0 0.787109375 0.66015625 0.11328125 0.0625
0 0.115234375 0.859375 0.11328125 0.0625
0 0.287109375 0.86328125 0.14453125 0.0546875
0 0.478515625 0.85546875 0.14453125 0.0546875
0 0.650390625 0.86328125 0.14453125 0.0546875
0 0.650390625 0.86328125 0.14453125 0.0546875