0 0.037109375 0.427734375 0.07421875 0.12890625
0 0.0859375 0.3984375 0.078125 0.1328125
0 0.18359375 0.390625 0.078125 0.1328125
0 0.283203125 0.404296875 0.10546875 0.13671875
0 0.392578125 0.400390625 0.10546875 0.13671875
0 0.490234375 0.396484375 0.10546875 0.13671875
0 0.677734375 0.404296875 0.10546875 0.13671875
0 0.775390625 0.412109375 0.10546875 0.13671875
0 0.943359375 0.419921875 0.10546875 0.13671875
0 0.380859375 0.59765625 0.15234375 0.0625
0 0.763671875 0.90234375 0.15234375 0.0625
0 0.919921875 0.90234375 0.15234375 0.0625