0 0.095703125 0.38671875 0.10546875 0.1015625
0 0.197265625 0.40234375 0.10546875 0.1015625
0 0.294921875 0.400390625 0.10546875 0.10546875
0 0.388671875 0.396484375 0.10546875 0.10546875
0 0.697265625 0.404296875 0.10546875 0.10546875
0 0.533203125 0.412109375 0.10546875 0.10546875
0 0.787109375 0.400390625 0.10546875 0.10546875
0 0.1015625 0.587890625 0.140625 0.05859375
0 0.12109375 0.681640625 0.140625 0.05859375
0 0.1015625 0.884765625 0.140625 0.05859375
0 0.25 0.873046875 0.140625 0.05859375
0 0.4375 0.884765625 0.140625 0.05859375
0 0.6953125 0.779296875 0.140625 0.05859375