0 0.119140625 0.82421875 0.06640625 0.140625
0 0.189453125 0.947265625 0.05859375 0.09765625
0 0.189453125 0.822265625 0.06640625 0.14453125
0 0.357421875 0.810546875 0.06640625 0.14453125
0 0.513671875 0.822265625 0.06640625 0.14453125
0 0.587890625 0.810546875 0.06640625 0.14453125
0 0.642578125 0.798828125 0.06640625 0.14453125
0 0.119140625 0.947265625 0.05859375 0.09765625
0 0.275390625 0.947265625 0.05859375 0.09765625
0 0.349609375 0.947265625 0.05859375 0.09765625
0 0.427734375 0.947265625 0.05859375 0.09765625
0 0.505859375 0.947265625 0.05859375 0.09765625
0 0.580078125 0.947265625 0.05859375 0.09765625