0 0.232421875 0.05078125 0.13671875 0.078125
0 0.4296875 0.064453125 0.15625 0.06640625
0 0.0625 0.0625 0.125 0.0625
0 0.13671875 0.6953125 0.1328125 0.1328125
0 0.23828125 0.6953125 0.1328125 0.1328125
0 0.6328125 0.6953125 0.1328125 0.1328125
0 0.73828125 0.6953125 0.1328125 0.1328125
0 0.84765625 0.6953125 0.1328125 0.1328125
0 0.048828125 0.69921875 0.09765625 0.1328125
0 0.36328125 0.69921875 0.1328125 0.1328125
0 0.546875 0.69921875 0.1328125 0.1328125
0 0.453125 0.70703125 0.1328125 0.1328125