0 0.05078125 0.072265625 0.0859375 0.14453125
0 0.16796875 0.05859375 0.0703125 0.1171875
0 0.2421875 0.05859375 0.0703125 0.1171875
0 0.3125 0.056640625 0.0703125 0.11328125
0 0.3828125 0.07421875 0.0703125 0.1171875
0 0.033203125 0.37109375 0.06640625 0.1171875
0 0.16015625 0.359375 0.0703125 0.1171875
0 0.2265625 0.35546875 0.0703125 0.1171875
0 0.30078125 0.3671875 0.0703125 0.1171875
0 0.3671875 0.3671875 0.0703125 0.1171875
0 0.4296875 0.37109375 0.0703125 0.1171875
0 0.515625 0.5234375 0.0703125 0.1171875
0 0.43359375 0.50390625 0.0703125 0.1171875
0 0.37109375 0.50390625 0.0703125 0.1171875
0 0.296875 0.5 0.0703125 0.1171875
0 0.2265625 0.4921875 0.0703125 0.1171875
0 0.16796875 0.5 0.0703125 0.1171875
0 0.09765625 0.54296875 0.0703125 0.1171875
0 0.05859375 0.78125 0.0703125 0.1171875
0 0.046875 0.9140625 0.0703125 0.1171875
0 0.12109375 0.9140625 0.0703125 0.1171875
0 0.18359375 0.921875 0.0703125 0.1171875
0 0.26171875 0.92578125 0.0703125 0.1171875
0 0.3203125 0.92578125 0.0703125 0.1171875
0 0.3984375 0.9296875 0.0703125 0.1171875
0 0.4609375 0.93359375 0.0703125 0.1171875
0 0.53125 0.9375 0.0703125 0.1171875
0 0.53125 0.80859375 0.0703125 0.1171875
0 0.72265625 0.7421875 0.0703125 0.1171875
0 0.125 0.796875 0.0703125 0.1171875
0 0.19921875 0.7890625 0.0703125 0.1171875
0 0.25390625 0.8046875 0.0703125 0.1171875
0 0.3203125 0.8046875 0.0703125 0.1171875
0 0.3984375 0.8046875 0.0703125 0.1171875
0 0.46484375 0.8125 0.0703125 0.1171875
0 0.87890625 0.734375 0.0703125 0.1171875
0 0.818359375 0.298828125 0.05859375 0.11328125
0 0.88671875 0.29296875 0.0703125 0.1171875
0 0.892578125 0.591796875 0.09765625 0.12109375
0 0.9609375 0.591796875 0.0625 0.12109375
0 0.953125 0.75390625 0.0859375 0.1328125
0 0.6015625 0.798828125 0.0625 0.14453125