0 0.025390625 0.28515625 0.05078125 0.125
0 0.11328125 0.296875 0.0546875 0.125
0 0.25 0.306640625 0.0546875 0.12890625
0 0.8125 0.302734375 0.0546875 0.12890625
0 0.88671875 0.294921875 0.0546875 0.12890625
0 0.064453125 0.58984375 0.09765625 0.140625
0 0.146484375 0.5859375 0.09765625 0.140625
0 0.228515625 0.58203125 0.09765625 0.140625
0 0.310546875 0.59375 0.09765625 0.140625
0 0.392578125 0.58203125 0.09765625 0.140625
0 0.466796875 0.59765625 0.09765625 0.140625
0 0.548828125 0.59375 0.09765625 0.140625
0 0.662109375 0.58203125 0.09765625 0.140625
0 0.716796875 0.6015625 0.09765625 0.140625
0 0.830078125 0.58203125 0.09765625 0.140625
0 0.814453125 0.734375 0.09765625 0.140625
0 0.720703125 0.71875 0.09765625 0.140625
0 0.638671875 0.73046875 0.09765625 0.140625
0 0.548828125 0.7265625 0.09765625 0.140625
0 0.462890625 0.72265625 0.09765625 0.140625
0 0.400390625 0.7109375 0.09765625 0.140625
0 0.306640625 0.71875 0.09765625 0.140625
0 0.208984375 0.71484375 0.09765625 0.140625
0 0.107421875 0.7421875 0.09765625 0.140625
0 0.052734375 0.71875 0.09765625 0.140625