0 0.30859375 0.025390625 0.1328125 0.05078125
0 0.296875 0.05859375 0.1328125 0.1171875
0 0.5546875 0.0625 0.1328125 0.125
0 0.71484375 0.09375 0.1328125 0.1328125
0 0.296875 0.12109375 0.1328125 0.1328125
0 0.29296875 0.1875 0.1328125 0.1328125
0 0.296875 0.25390625 0.1328125 0.1328125
0 0.296875 0.33203125 0.1328125 0.1328125
0 0.296875 0.41015625 0.1328125 0.1328125
0 0.52734375 0.64453125 0.1328125 0.1328125
0 0.25390625 0.6484375 0.1328125 0.1328125
0 0.5390625 0.69921875 0.1328125 0.1328125
0 0.25390625 0.7265625 0.1328125 0.1328125
0 0.5390625 0.9140625 0.1328125 0.1328125