0 0.39453125 0.857421875 0.0546875 0.12109375
0 0.38671875 0.693359375 0.0546875 0.12109375
0 0.376953125 0.5 0.05859375 0.125
0 0.373046875 0.369140625 0.05859375 0.10546875
0 0.353515625 0.220703125 0.05859375 0.10546875
0 0.1015625 0.8671875 0.109375 0.0546875
0 0.0859375 0.78515625 0.109375 0.0546875
0 0.08984375 0.72265625 0.109375 0.0546875
0 0.076171875 0.501953125 0.09765625 0.05078125
0 0.09765625 0.64453125 0.109375 0.0546875
0 0.08203125 0.56640625 0.109375 0.0546875
0 0.06640625 0.416015625 0.1015625 0.05078125
0 0.0625 0.341796875 0.1015625 0.05078125
0 0.064453125 0.26953125 0.12890625 0.0546875
0 0.048828125 0.146484375 0.09765625 0.06640625