0 0.130859375 0.0078125 0.06640625 0.015625
0 0.94140625 0.009765625 0.0546875 0.01953125
0 0.869140625 0.009765625 0.06640625 0.01953125
0 0.408203125 0.0390625 0.12890625 0.0625
0 0.62109375 0.052734375 0.1328125 0.05859375
0 0.396484375 0.146484375 0.13671875 0.06640625
0 0.73828125 0.23828125 0.1171875 0.0625
0 0.888671875 0.248046875 0.12109375 0.05078125
0 0.0546875 0.501953125 0.109375 0.05859375
0 0.0625 0.66015625 0.125 0.046875
0 0.0546875 0.798828125 0.109375 0.05859375
0 0.05078125 0.58203125 0.1015625 0.046875