0 0.056640625 0.029296875 0.11328125 0.05859375
0 0.048828125 0.162109375 0.09765625 0.05859375
0 0.048828125 0.37109375 0.09765625 0.0546875
0 0.828125 0.421875 0.1015625 0.109375
0 0.052734375 0.76953125 0.10546875 0.0546875
0 0.72265625 0.50390625 0.1328125 0.1328125
0 0.052734375 0.568359375 0.10546875 0.05859375
0 0.6171875 0.609375 0.1328125 0.1328125
0 0.037109375 0.50390625 0.07421875 0.046875
0 0.455078125 0.74609375 0.11328125 0.125
0 0.052734375 0.703125 0.10546875 0.0546875
0 0.048828125 0.90234375 0.09765625 0.0703125
0 0.328125 0.896484375 0.1015625 0.11328125