0 0.927734375 0.1484375 0.11328125 0.0625
0 0.802734375 0.181640625 0.07421875 0.07421875
0 0.634765625 0.224609375 0.12890625 0.08984375
0 0.75390625 0.27734375 0.1328125 0.09375
0 0.587890625 0.318359375 0.12890625 0.07421875
0 0.259765625 0.341796875 0.12890625 0.08203125
0 0.419921875 0.375 0.13671875 0.0625
0 0.0078125 0.375 0.015625 0.109375
0 0.6328125 0.408203125 0.140625 0.08203125
0 0.24609375 0.435546875 0.1328125 0.08203125
0 0.0546875 0.451171875 0.109375 0.08984375
0 0.09765625 0.509765625 0.1328125 0.10546875
0 0.255859375 0.5859375 0.10546875 0.1015625