0 0.21484375 0.212890625 0.078125 0.13671875
0 0.916015625 0.396484375 0.12109375 0.08203125
0 0.712890625 0.451171875 0.11328125 0.06640625
0 0.576171875 0.48046875 0.12109375 0.078125
0 0.197265625 0.564453125 0.12109375 0.07421875
0 0.052734375 0.591796875 0.10546875 0.05859375
0 0.828125 0.587890625 0.09375 0.07421875
0 0.74609375 0.7109375 0.078125 0.1171875
0 0.080078125 0.767578125 0.10546875 0.06640625
0 0.205078125 0.765625 0.08984375 0.0546875
0 0.0078125 0.783203125 0.015625 0.05859375
0 0.3046875 0.841796875 0.09375 0.11328125
0 0.7265625 0.8515625 0.078125 0.1171875