0 0.83984375 0.201171875 0.1171875 0.05859375
0 0.6796875 0.232421875 0.140625 0.08203125
0 0.482421875 0.26953125 0.11328125 0.0625
0 0.33984375 0.3125 0.125 0.078125
0 0.201171875 0.333984375 0.12109375 0.07421875
0 0.060546875 0.359375 0.12109375 0.0703125
0 0.94921875 0.408203125 0.0625 0.12890625
0 0.7734375 0.4609375 0.0703125 0.140625
0 0.626953125 0.48828125 0.07421875 0.125
0 0.69921875 0.46484375 0.0625 0.1171875
0 0.54296875 0.49609375 0.0703125 0.125
0 0.47265625 0.51953125 0.0625 0.1328125
0 0.015625 0.5234375 0.03125 0.0703125
0 0.3984375 0.53515625 0.0703125 0.1328125
0 0.326171875 0.552734375 0.07421875 0.14453125
0 0.236328125 0.56640625 0.07421875 0.1328125
0 0.748046875 0.931640625 0.05859375 0.11328125
0 0.673828125 0.939453125 0.05859375 0.11328125
0 0.603515625 0.927734375 0.05859375 0.11328125
0 0.525390625 0.927734375 0.05859375 0.11328125
0 0.814453125 0.931640625 0.05859375 0.11328125