0 0.8203125 0.005859375 0.0625 0.01171875
0 0.67578125 0.00390625 0.0625 0.0078125
0 0.03515625 0.0234375 0.0703125 0.046875
0 0.318359375 0.025390625 0.12890625 0.05078125
0 0.060546875 0.220703125 0.10546875 0.05078125
0 0.48828125 0.22265625 0.109375 0.0546875
0 0.740234375 0.23046875 0.11328125 0.0625
0 0.31640625 0.234375 0.1015625 0.0625
0 0.771484375 0.517578125 0.12890625 0.04296875
0 0.76171875 0.654296875 0.125 0.04296875
0 0.787109375 0.732421875 0.12890625 0.05078125
0 0.78125 0.578125 0.1328125 0.046875