0 0.0234375 0.25 0.046875 0.1328125
0 0.1953125 0.943359375 0.0625 0.10546875
0 0.716796875 0.703125 0.06640625 0.1171875
0 0.720703125 0.859375 0.06640625 0.1171875
0 0.701171875 0.50390625 0.06640625 0.1171875
0 0.6953125 0.3671875 0.046875 0.1015625
0 0.6875 0.228515625 0.0546875 0.11328125
0 0.26953125 0.943359375 0.0625 0.10546875
0 0.4296875 0.8671875 0.125 0.0625
0 0.4140625 0.796875 0.125 0.0625
0 0.4140625 0.71875 0.125 0.0625
0 0.4375 0.6484375 0.125 0.0625
0 0.41796875 0.578125 0.1171875 0.0546875
0 0.40625 0.50390625 0.1171875 0.0546875
0 0.40625 0.41796875 0.1171875 0.0546875
0 0.39453125 0.34375 0.1171875 0.0546875
0 0.390625 0.265625 0.1328125 0.0546875
0 0.34765625 0.0703125 0.1484375 0.0625
0 0.076171875 0.2421875 0.05078125 0.1328125
0 0.140625 0.224609375 0.046875 0.11328125
0 0.205078125 0.20703125 0.05078125 0.1171875
0 0.2734375 0.19921875 0.046875 0.1015625
0 0.369140625 0.142578125 0.12109375 0.05859375