0 0.244140625 0.0078125 0.12109375 0.015625
0 0.591796875 0.03125 0.13671875 0.0625
0 0.248046875 0.0703125 0.12890625 0.0625
0 0.6015625 0.107421875 0.140625 0.05078125
0 0.24609375 0.14453125 0.1328125 0.0546875
0 0.5859375 0.185546875 0.140625 0.04296875
0 0.24609375 0.216796875 0.125 0.05859375
0 0.056640625 0.26953125 0.05078125 0.1328125
0 0.2421875 0.28515625 0.1171875 0.046875
0 0.58203125 0.31640625 0.1328125 0.046875
0 0.24609375 0.349609375 0.1328125 0.04296875
0 0.578125 0.392578125 0.125 0.05078125
0 0.04296875 0.4453125 0.0625 0.1328125
0 0.25390625 0.54296875 0.1328125 0.0546875
0 0.248046875 0.62109375 0.13671875 0.046875
0 0.583984375 0.6875 0.12890625 0.0625
0 0.271484375 0.69921875 0.12109375 0.0625
0 0.587890625 0.759765625 0.12109375 0.05078125
0 0.279296875 0.8671875 0.13671875 0.0546875
0 0.287109375 0.943359375 0.11328125 0.05078125