0 0.060546875 0.18359375 0.11328125 0.078125
0 0.23046875 0.236328125 0.1171875 0.06640625
0 0.3828125 0.275390625 0.125 0.06640625
0 0.517578125 0.314453125 0.10546875 0.08203125
0 0.677734375 0.34765625 0.13671875 0.078125
0 0.810546875 0.37890625 0.11328125 0.078125
0 0.060546875 0.3984375 0.12109375 0.0703125
0 0.193359375 0.408203125 0.12109375 0.05859375
0 0.76953125 0.62109375 0.125 0.0546875
0 0.923828125 0.638671875 0.09765625 0.05078125
0 0.072265625 0.755859375 0.06640625 0.11328125
0 0.03515625 0.7890625 0.0703125 0.1328125