0 0.7421875 0.044921875 0.1171875 0.07421875
0 0.4140625 0.07421875 0.0859375 0.1171875
0 0.31640625 0.20703125 0.09375 0.1171875
0 0.232421875 0.333984375 0.11328125 0.14453125
0 0.703125 0.1015625 0.1171875 0.1015625
0 0.6640625 0.15234375 0.125 0.125
0 0.587890625 0.28515625 0.13671875 0.1015625
0 0.544921875 0.3515625 0.13671875 0.1015625
0 0.4921875 0.3984375 0.125 0.09375
0 0.474609375 0.4765625 0.12890625 0.1015625
0 0.431640625 0.53515625 0.12890625 0.1015625
0 0.392578125 0.60546875 0.12890625 0.1015625
0 0.333984375 0.6640625 0.11328125 0.1015625
0 0.294921875 0.73046875 0.11328125 0.1015625
0 0.244140625 0.82421875 0.11328125 0.1015625
0 0.154296875 0.94140625 0.11328125 0.1015625