0 0.767578125 0.451171875 0.12890625 0.08203125
0 0.6015625 0.498046875 0.1328125 0.08203125
0 0.23828125 0.541015625 0.125 0.06640625
0 0.87109375 0.595703125 0.1328125 0.07421875
0 0.66015625 0.650390625 0.1171875 0.08984375
0 0.00390625 0.73046875 0.0078125 0.0625
0 0.099609375 0.779296875 0.12109375 0.08203125
0 0.74609375 0.791015625 0.1171875 0.05859375
0 0.541015625 0.7890625 0.13671875 0.1015625
0 0.876953125 0.82421875 0.10546875 0.0546875
0 0.3359375 0.8515625 0.125 0.0703125
0 0.466796875 0.880859375 0.11328125 0.09765625