0 0.76171875 0.162109375 0.1015625 0.06640625
0 0.578125 0.16796875 0.1328125 0.0703125
0 0.2578125 0.197265625 0.1015625 0.05078125
0 0.126953125 0.205078125 0.13671875 0.06640625
0 0.02734375 0.21875 0.0546875 0.046875
0 0.2109375 0.26953125 0.1171875 0.0625
0 0.77734375 0.521484375 0.1171875 0.08203125
0 0.919921875 0.51171875 0.13671875 0.078125
0 0.041015625 0.53515625 0.08203125 0.078125
0 0.275390625 0.73046875 0.05078125 0.1171875
0 0.287109375 0.865234375 0.05859375 0.13671875
0 0.44921875 0.865234375 0.0625 0.12890625