0 0.28515625 0.07421875 0.125 0.0625
0 0.134765625 0.234375 0.10546875 0.0703125
0 0.013671875 0.24609375 0.02734375 0.046875
0 0.203125 0.373046875 0.1484375 0.06640625
0 0.369140625 0.36328125 0.11328125 0.0546875
0 0.392578125 0.498046875 0.12109375 0.05078125
0 0.634765625 0.51953125 0.12109375 0.0625
0 0.85546875 0.513671875 0.1171875 0.06640625
0 0.861328125 0.3671875 0.11328125 0.0546875
0 0.458984375 0.0625 0.15234375 0.0625
0 0.64453125 0.0546875 0.1328125 0.046875
0 0.7890625 0.046875 0.109375 0.0546875
0 0.9375 0.041015625 0.109375 0.05859375
0 0.89453125 0.201171875 0.109375 0.05859375
0 0.740234375 0.2109375 0.13671875 0.0546875