0 0.84375 0.25390625 0.125 0.078125
0 0.689453125 0.28515625 0.11328125 0.078125
0 0.57421875 0.3046875 0.125 0.0859375
0 0.859375 0.42578125 0.1171875 0.0703125
0 0.095703125 0.451171875 0.12890625 0.08203125
0 0.369140625 0.548828125 0.12109375 0.08203125
0 0.19921875 0.595703125 0.1328125 0.07421875
0 0.029296875 0.638671875 0.05859375 0.05859375
0 0.78515625 0.72265625 0.0546875 0.125
0 0.07421875 0.791015625 0.1171875 0.05859375
0 0.205078125 0.82421875 0.10546875 0.0546875
0 0.80078125 0.859375 0.0546875 0.1328125
0 0.35546875 0.87109375 0.1328125 0.0703125