0 0.82421875 0.32421875 0.109375 0.0703125
0 0.69140625 0.34765625 0.1171875 0.0703125
0 0.55078125 0.375 0.140625 0.0703125
0 0.396484375 0.404296875 0.13671875 0.06640625
0 0.119140625 0.46875 0.12109375 0.078125
0 0.021484375 0.486328125 0.04296875 0.05859375
0 0.509765625 0.51953125 0.12890625 0.0625
0 0.947265625 0.52734375 0.05859375 0.1171875
0 0.283203125 0.556640625 0.11328125 0.05859375
0 0.134765625 0.599609375 0.11328125 0.05859375
0 0.01953125 0.728515625 0.0390625 0.12109375
0 0.880859375 0.54296875 0.05859375 0.1171875
0 0.810546875 0.546875 0.05859375 0.1171875
0 0.740234375 0.568359375 0.05078125 0.13671875
0 0.671875 0.583984375 0.0625 0.12890625
0 0.9453125 0.298828125 0.09375 0.06640625